28
28 84 112 112 60 20 50 50 96 60 24 60 64 40 40 16  50  50  50  50   0  0  0  0  0  0  0  0  0  0  0  0  0  0  0  0  0  0  0  0  0  0  0  0
 1   1   1    1    0   0   0   0   0   0   0   0   0   0   0   0    0      0     0      0    0  0  0  0  0  0  0  0  0  0  0  0  0  0  0  0  0  0  0  0  0  0  0  0  
 0   0   0    0    1   1   1   1   0   0   0   0   0   0   0   0    0      0     0      0    0  0  0  0  0  0  0  0  0  0  0  0  0  0  0  0  0  0  0  0  0  0  0  0
 0   0   0    0    0   0   0   0   1   1   1   1   0   0   0   0    0      0     0      0    0  0  0  0  0  0  0  0  0  0  0  0  0  0  0  0  0  0  0  0  0  0  0  0
 0   0   0    0    0   0   0   0   0   0   0   0   1   1   1   1    0      0     0      0    0  0  0  0  0  0  0  0  0  0  0  0  0  0  0  0  0  0  0  0  0  0  0  0
 1   0   0    0    1   0   0   0   1   0   0   0   1   0   0   0   -100    0     0      0    1  0  0  0  0  0  0  0  0  0  0  0  0  0  0  0  0  0  0  0  0  0  0  0    
 0   1   0    0    0   1   0   0   0   1   0   0   0   1   0   0    0     -100   0      0    0  1  0  0  0  0  0  0  0  0  0  0  0  0  0  0  0  0  0  0  0  0  0  0   
 0   0   1    0    0   0   1   0   0   0   1   0   0   0   1   0    0      0    -100    0    0  0  1  0  0  0  0  0  0  0  0  0  0  0  0  0  0  0  0  0  0  0  0  0 
 0   0   0    1    0   0   0   1   0   0   0   1   0   0   0   1    0      0     0     -100  0  0  0  1  0  0  0  0  0  0  0  0  0  0  0  0  0  0  0  0  0  0  0  0
 1   0   0    0    0   0   0   0   0   0   0   0   0   0   0   0    0      0     0      0    0  0  0  0  1  0  0  0  0  0  0  0  0  0  0  0  0  0  0  0  0  0  0  0
 0   1   0    0    0   0   0   0   0   0   0   0   0   0   0   0    0      0     0      0    0  0  0  0  0  1  0  0  0  0  0  0  0  0  0  0  0  0  0  0  0  0  0  0
 0   0   1    0    0   0   0   0   0   0   0   0   0   0   0   0    0      0     0      0    0  0  0  0  0  0  1  0  0  0  0  0  0  0  0  0  0  0  0  0  0  0  0  0
 0   0   0    1    0   0   0   0   0   0   0   0   0   0   0   0    0      0     0      0    0  0  0  0  0  0  0  1  0  0  0  0  0  0  0  0  0  0  0  0  0  0  0  0
 0   0   0    0    1   0   0   0   0   0   0   0   0   0   0   0    0      0     0      0    0  0  0  0  0  0  0  0  1  0  0  0  0  0  0  0  0  0  0  0  0  0  0  0
 0   0   0    0    0   1   0   0   0   0   0   0   0   0   0   0    0      0     0      0    0  0  0  0  0  0  0  0  0  1  0  0  0  0  0  0  0  0  0  0  0  0  0  0
 0   0   0    0    0   0   1   0   0   0   0   0   0   0   0   0    0      0     0      0    0  0  0  0  0  0  0  0  0  0  1  0  0  0  0  0  0  0  0  0  0  0  0  0
 0   0   0    0    0   0   0   1   0   0   0   0   0   0   0   0    0      0     0      0    0  0  0  0  0  0  0  0  0  0  0  1  0  0  0  0  0  0  0  0  0  0  0  0
 0   0   0    0    0   0   0   0   1   0   0   0   0   0   0   0    0      0     0      0    0  0  0  0  0  0  0  0  0  0  0  0  1  0  0  0  0  0  0  0  0  0  0  0
 0   0   0    0    0   0   0   0   0   1   0   0   0   0   0   0    0      0     0      0    0  0  0  0  0  0  0  0  0  0  0  0  0  1  0  0  0  0  0  0  0  0  0  0
 0   0   0    0    0   0   0   0   0   0   1   0   0   0   0   0    0      0     0      0    0  0  0  0  0  0  0  0  0  0  0  0  0  0  1  0  0  0  0  0  0  0  0  0
 0   0   0    0    0   0   0   0   0   0   0   1   0   0   0   0    0      0     0      0    0  0  0  0  0  0  0  0  0  0  0  0  0  0  0  1  0  0  0  0  0  0  0  0
 0   0   0    0    0   0   0   0   0   0   0   0   1   0   0   0    0      0     0      0    0  0  0  0  0  0  0  0  0  0  0  0  0  0  0  0  1  0  0  0  0  0  0  0
 0   0   0    0    0   0   0   0   0   0   0   0   0   1   0   0    0      0     0      0    0  0  0  0  0  0  0  0  0  0  0  0  0  0  0  0  0  1  0  0  0  0  0  0
 0   0   0    0    0   0   0   0   0   0   0   0   0   0   1   0    0      0     0      0    0  0  0  0  0  0  0  0  0  0  0  0  0  0  0  0  0  0  1  0  0  0  0  0
 0   0   0    0    0   0   0   0   0   0   0   0   0   0   0   1    0      0     0      0    0  0  0  0  0  0  0  0  0  0  0  0  0  0  0  0  0  0  0  1  0  0  0  0
 0   0   0    0    0   0   0   0   0   0   0   0   0   0   0   0    1      0     0      0    0  0  0  0  0  0  0  0  0  0  0  0  0  0  0  0  0  0  0  0  1  0  0  0
 0   0   0    0    0   0   0   0   0   0   0   0   0   0   0   0    0      1     0      0    0  0  0  0  0  0  0  0  0  0  0  0  0  0  0  0  0  0  0  0  0  1  0  0
 0   0   0    0    0   0   0   0   0   0   0   0   0   0   0   0    0      0     1      0    0  0  0  0  0  0  0  0  0  0  0  0  0  0  0  0  0  0  0  0  0  0  1  0
 0   0   0    0    0   0   0   0   0   0   0   0   0   0   0   0    0      0     0      1    0  0  0  0  0  0  0  0  0  0  0  0  0  0  0  0  0  0  0  0  0  0  0  1
1 1 1 1 0 0 0 0 1 1 1 1 1 1 1 1 1 1 1 1 1 1 1 1 1 1 1 1